9278
414
16768
1422
6428
2529
6678
898
14800
5202
1982
429
12795
4827
381
8570
5815
2198
5925
1456
733
2669
4623
15628
1320
411
10801
5488
6993
6329
1190
22279
1786
1716
7736
17030
1636
5206
469
5210
408
3901
11438
1697
4727
9849
984
4434
12996
3674
11231
19329
13373
4673
5156
3186
9891
129
7279
1536
18
3198
3159
4503
2956
6708
1348
4978
5759
3643
1670
19589
577
2635
2691
1879
6625
5510
969
10607
698
794
14238
8902
16034
4020
8258
6860
5420
78
3342
1606
4131
15027
1567
4440
863
10276
2564
287
2542
4782
14084
1177
19330
196
5598
3725
46
3924
5128
8225
821
1383
18032
2127
3823
990
7153
3188
3624
7039
7391
4148
8211
6862
3706
8538
5997
3607
366
1673
2432
109
680
4332
2454
478
9129
129
1749
5818
14765
3483
12953
6358
2301
4943
11880
7652
18956
8500
2323
6590
2566
5336
3558
13741
606
1942
961
1796
493
8593
3855
250
1332
5396
2440
28139
4988
2454
3886
2356
11375
1624
1189
18472
955
1474
9113
479
1456
1207
15169
2471
2061
1008
3587
11508
3728
2589
10779
15853
26783
4209
1883
5360
6696
2498
3022
1796
8939
2057
3282
2482
902
5071
1046
2232
246
67
1085
3051
3949
677
669
38157
9120
13586
768
2258
4410
956
3158
30
2372
9467
16062
3431
3435
2843
26476
623
1516
1509
177
1845
15367
22912
9370
347
1383
1056
11669
6210
5167
2333
6839
2796
6821
7944
4314
6064
3016
653
1166
13892
22922
284
6097
5512
10941
1186
10247
7889
4269
8997
608
5521
1948
7144
5765
284
676
4258
374
22749
585
1585
11960
9177
6163
1357
5095
2138
97
3575
3537
1140
1803
1940
3005
2656
5197
4238
4962
6393
1175
7400
2244
3308
9013
1333
4895
3259
7804
3306
1164
2417
254
6284
3354
4418
522
4040
3139
4326
172
3207
1525
225
3751
2916
648
772
19536
121
36206
5261
20201
2276
3522
1247
4151
26344
7982
3566
223
8529
5446
27450
1870
10675
1211
1713
3383
6195
6013
12379
679
8064
3319
247
7408
967
5410
2853
8266
6514
28
6437
1728
10203
11192
254
7132
1949
696
2590
16172
153
22541
328
7079
1985
10073
3899
1478
488
374
2016
947
2440
4519
2323
10337
6828
8019
570
837
6949
5105
576
1957
2545
4471
1352
2286
10016
1625
91
2044
2683
9874
1236
6119
2080
8597
4177
5765
5524
5597
138
1339
8769
83
1721
806
2626
7359
4262
20265
17116
1444
294
1360
8093
4205
8767
3522
108
1232
1714
1604
648
979
248
1122
1988
1705
5281
3963
559
1890
1127
3157
114
2627
5359
4250
20236
6442
2486
5561
22
27847
1900
4124
16853
4643
4177
11419
6115
4952
859
8919
3060
6055
4529
1796
3516
3124
19354
1753
5592
10541
4761
1280
3509
5430
3113
18643
7794
2417
999
1335
31
1749
13326
2286
1146
10831
10404
1848
1672
8082
2340
419
3838
1328
6463
6017
644
1852
1239
549
6518
14495
9201
2837
20000
20438
2108
13864
6235
1461
10165
1613
238
469
5317
2436
1758
7060
4583
3502
493
4269
8825
886
683
10438
855
11113
6222
1307
6438
190
930
1451
1768
1976
11862
9594
3735
5059
713
4011
3162
6008
9759
556
2192
8549
4543
7207
7308
2799
7862
569
1772
8936
8749
2387
792
9183
603
835
39
275
3417
8892
8724
4464
10224
3514
2270
955
3497
10207
9893
10881
1574
9704
3809
6425
3494
7058
4638
2214
9660
283
3541
4076
15596
7476
9234
8225
2688
2332
3032
799
202
1086
3220
60
1995
636
2892
3263
12292
686
8714
2843
9720
979
913
2572
1931
21362
3053
2784
6609
798
641
1057
4527
6103
2407
6407
563
464
4352
9633
4848
1102
3165
2770
21838
25
14263
4836
2545
6525
3437
446
580
3639
1941
18484
3839
5959
10931
1018
2307
545
5114
14774
21023
7406
9933
1154
7481
1105
1967
191
12092
2853
3969
9341
8090
2685
853
14875
4507
900
3039
4030
2050
4794
897
2937
14
3938
1219
3932
6265
3451
180
2286
2113
2668
4998
39559
7821
8392
133
3773
8898
3509
2353
604
7391
2259
4195
5597
2297
15372
9947
1604
8753
8482
495
3549
1203
4673
6977
7252
175
7037
8074
4251
868
511
4189
5031
556
5011
4864
303
3318
579
2359
1140
99
1394
15179
2475
6204
6158
2193
15151
804
5127
716
1602
1986
51
5204
3740
6860
8893
3299
8193
9184
23051
710
3844
11247
4982
16532
14680
6183
1746
10740
976
1455
1014
2957
3937
12430
14199
381
4118
3172
1428
13066
876
3901
5024
1601
429
17495
363
1716
660
634
4611
3533
11534
1839
1397
264
5221
5268
12764
21989
7731
9626
2595
131
5867
3887
5778
1960
5851
3348
11241
11034
12582
1432
217
580
3161
2495
266
15656
10878
14957
1138
405
11024
6500
607
1456
9802
162
376
7716
3859
10420
111
7292
2770
11551
8940
2171
2161
3589
10123
1607
451
406
4070
1073
1260
9946
2588
997
7492
324
9880
2960
29701
3764
300
342
7855
893
634
2856
21
12137
816
3715
2557
10428
2172
1642
9564
4159
1271
9981
1194
8555
2256
5679
796
7263
13906
1293
444
4578
6077
2109
360
1713
7042
13100
9258
104
11098
3027
3837
5459
3308
95
6153
542
333
10207
5954
3817
2632
49
6599
626
498
4350
1396
469
8757
8950
2299
112
1221
20859
7927
149
1171
4366
176
3904
6731
1441
5601
3367
2383
5405
152
3528
8822
404
1759
9780
4763
8094
6013
533
13746
14198
1267
3608
14049
3837
3010
2607
4667
8349
8035
6564
5454
2179
1599
11659
2842
13443
2363
1253
17874
1588
4196
2947
789
2086
153
1935
10547
15351
4264
3589
1945
2515
10745
1196
3441
10014
2621
2776
9981
736
3309
1586
14109
363
4691
961
971
3675
5365
9517
2541
1219
4684
10901
79
17200
4577
7098
15644
2727
2908
15113
8043
2493
145
1380
7023
5639
13267
12517
14578
2657
12645
2268
3685
2030
4080
3047
4388
1676
1561
11643
2341
19938
5168
955
6171
663
7623
3827
1657
1067
12609
2298
3680
9476
2804
5311
2693
733
1232
10596
10918
3086
2974
861
444
1389
9552
4226
2340
2399
426
2717
3325
749
6693
848
11639
762
344
11317
2426
11572
3096
2910
12357
980
1707
7821
2076
16458
556
10850
472
150
16468
4082
3185
3465
4429
3189
3644
30
1031
1218
6955
2615
14682
3361
7992
13248
1090
3928
1824
78
245
4049
1175
3923
1299
3612
5414
9500
335
3447
1795
3145
9166
15219
14743
45560
1599
10910
7824
8608
2780
1939
16860
11781
1736
388
3716
11176
4646
7314
1060
2904
12825
473
2496
7479
9948
2998
4123
4291
1029
215
14605
9714
3499
3474
5810
3436
1596
2374
8834
64
2211
3041
29913
1574
30816
518
7783
1222
504
6787
922
2388
411
22475
146
5
1056
6819
2646
2238
2896
3172
6082
2244
735
1663
13461
24420
9119
1198
10666
4998
1131
5736
2138
10256
4012
2767
1294
7857
1715
2316
5352
2398
3498
4834
2120
863
841
780
11914
5393
7830
9182
11580
1655
4069
1271
9366
5097
17414
4602
8288
771
1070
853
1013
1360
338
17048
3352
8855
3106
935
2120
4061
790
6828
3303
9684
4115
355
549
1506
27196
12095
7113
8137
296
937
7088
50
13865
4281
2464
783
3262
4380
2655
5067
1347
8785
2533
7384
3347
1376
583
576
2434
6015
3403
670
5093
5061
435
9594
5350
4317
9779
3816
7484
5761
6206
4251
5779
8592
5979
2261
3097
1527
3769
2050
3398
1711
3873
5191
3038
3722
1159
1373
12489
7229
1026
136
4151
15662
8363
5267
1141
15899
1219
1771
389
950
11069
18502
7496
5693
6215
1746
6338
1028
7231
2500
2959
602
2704
1019
14988
700
2773
261
2138
165
9485
1812
2262
5551
2059
1579
579
6936
358
4165
10481
606
883
3069
2666
9411
1306
4924
481
561
2451
995
14170
3503
29908
9644
6550
12518
5778
1731
9321
405
1537
4727
9243
9751
1217
881
31
3096
815
8449
10515
3664
4991
386
3314
2607
127
9919
319
977
3976
5588
1436
3426
484
13316
6087
2927
6987
739
8804
228
608
5746
1929
3853
356
2399
3051
2411
4650
2699
7609
1761
1883
3113
2734
4254
13532
798
659
8670
14792
179
6764
10095
948
6665
2363
8601
2531
508
11884
4160
326
11693
867
6810
3160
943
6284
613
11216
901
7203
2685
4362
14461
1151
699
2176
564
5836
18445
2512
887
9483
3463
3052
4259
15024
3241
28
498
3466
3099
6100
5859
11465
6747
5039
6491
8341
898
1197
891
421
3906
1276
5800
19140
2866
3379
1308
32
1208
4088
1277
15421
2362
1290
3801
1503
6132
3818
1823
3927
1487
2391
2785
3357
2058
5681
2862
6696
5054
1812
5436
3750
2728
1720
2486
4932
8391
3143
964
5080
954
15656
7307
3568
618
4278
2064
4659
5336
10332
5881
3090
1571
4233
1012
4021
12
9610
1612
1105
3637
5638
826
543
821
3410
5252
2596
26145
3310
3704
2800
6840
4289
1484
7236
6153
12486
4059
2631
2062
3295
1750
20316
5180
17214
4877
2671
1092
8397
8918
2489
8542
12608
428
3526
135
3359
20054
548
8907
4642
5760
18122
2643
2611
11359
3121
6843
17791
4615
5460
316
306
2858
11045
4241
349
2765
462
876
2924
2150
13057
8349
3299
686
2356
5672
1870
750
2072
2361
13208
263
8537
476
1227
2851
4164
12696
11315
7679
3912
209
5657
1142
4627
6987
6286
10059
1630
488
6039
6302
3344
2931
6672
328
11595
2419
11669
3350
8219
1109
2597
4299
317
2907
8734
2259
703
659
951
1747
973
18475
120
1638
8563
514
5012
7578
4399
12742
2968
27
7702
3100
5501
613
6317
2465
15560
6341
1322
2461
7817
29
93
3097
2831
3766
280
2180
3340
327
10171
1557
6997
13156
5246
5538
319
7106
2737
117
1480
7108
8725
2786
7874
33409
6579
9952
314
10363
1259
6176
1805
8967
4338
7631
1969
393
23135
13333
14270
1053
5160
13045
509
1671
1183
3100
5020
4657
3074
2450
665
1971
6348
4757
7097
3267
3228
5669
15078
5488
2429
1341
2526
2350
6388
10899
12623
3785
4909
1627
1615
2666
4158
5557
1049
1448
4543
4862
304
1428
22815
663
692
4080
5758
1849
3377
346
3111
4379
15334
4595
4642
6822
1798
1445
11077
6431
8782
445
2205
2547
743
793
4695
2570
1807
4682
2368
2826
7159
3999
6737
2477
2380
57
2821
46
4348
7287
2617
16928
1859
882
705
1520
2636
14373
5040
11530
6844
4620
1694
2058
7047
22137
701
1572
808
15583
156
3715
1139
2336
423
15452
2343
1330
3495
2121
3536
4423
443
4837
701
923
2208
9920
22713
3556
3769
2717
2277
1809
10101
9439
286
4368
821
808
1539
2928
3075
5710
2881
5024
161
1373
2879
1130
48
16088
668
2282
7031
7723
3176
12244
2068
2220
14629
3289
7454
2941
6253
12897
773
11926
5996
1159
2995
3683
10243
7765
10733
2741
6996
2631
4275
8662
3236
643
6506
4523
29
3737
14242
1403
2361
196
1783
6249
3084
1915
17125
2066
1598
10959
5332
6685
2048
3622
551
7723
2052
488
1032
9091
293
8730
3301
11360
3874
6754
12818
2925
4975
2700
1573
16401
5104
6809
10298
3600
98
682
1435
2167
1016
3457
4385
513
9484
5201
16645
18206
2464
3748
4959
701
6332
5549
10423
4542
1352
8039
10519
3817
407
6533
4867
7222
3108
1209
3367
625
2085
3254
19054
5754
4536
1872
3441
877
6736
14741
3243
592
849
1944
305
10714
1710
5900
4915
2775
3740
3164
3613
1526
1712
4117
13870
9980
10234
9279
4084
388
25101
7901
9330
13331
5390
1616
4115
1485
167
8338
940
513
2936
306
1334
1038
5178
3469
9877
1400
